0,0,-1
0,63,0
1,0,-1
0,63,1
0,61,2
1,12,0
1,12,1
1,12,2
0,60,3
1,14,3
0,60,4
0,59,5
1,15,4
1,15,5
0,56,6
1,15,6
0,54,7
1,16,7
0,51,8
1,16,8
0,47,9
1,16,9
0,45,10
1,17,10
0,45,11
1,18,11
0,43,12
1,16,12
0,41,13
1,18,13
0,36,14
1,17,14
0,31,15
1,16,15
0,31,16
0,27,17
1,24,16
1,24,17
0,26,18
1,25,18
0,23,19
0,23,20
1,24,19
0,21,21
1,24,20
0,22,22
1,23,21
0,22,23
1,22,22
2,0,-1
1,22,23
0,17,24
1,21,24
3,0,-1
2,70,0
0,15,25
1,23,25
2,70,1
3,2,0
2,70,2
3,4,1
3,4,2
2,70,3
0,24,26
3,5,3
2,70,4
0,22,27
1,31,26
2,68,5
0,24,28
1,29,27
0,24,29
3,33,4
0,24,30
1,28,28
2,65,6
0,21,31
3,32,5
1,28,29
0,20,32
0,20,33
2,63,7
1,31,30
3,32,6
1,31,31
2,60,8
0,25,34
1,30,32
2,59,9
3,33,7
0,27,35
2,56,10
3,36,8
1,30,33
0,26,36
2,52,11
3,34,9
0,28,37
2,51,12
2,51,13
1,44,34
0,29,38
3,32,10
2,54,14
3,32,11
1,47,35
0,29,39
3,33,12
0,29,40
1,43,36
2,49,15
3,32,13
3,31,14
0,29,41
1,45,37
2,46,16
0,28,42
3,32,15
1,43,38
2,45,17
0,29,43
2,43,18
0,27,44
1,44,39
2,42,19
1,43,40
3,45,16
2,39,20
0,33,45
3,45,17
1,43,41
2,36,21
0,27,46
3,43,18
2,34,22
1,44,42
0,25,47
2,32,23
0,24,48
4,0,-1
3,41,19
0,23,49
1,45,43
2,31,24
3,42,20
1,47,44
5,0,-1
0,26,50
3,38,21
4,70,0
0,28,51
5,3,0
3,38,22
4,69,1
2,23,25
3,38,23
4,69,2
5,3,1
0,26,52
1,70,45
4,69,3
5,6,2
2,25,26
1,70,46
3,39,24
2,24,27
5,7,3
4,70,4
2,25,28
0,38,53
1,68,47
2,25,29
0,40,54
4,64,5
2,24,30
3,42,25
1,69,48
5,21,4
0,39,55
2,22,31
5,22,5
1,67,49
4,63,6
0,40,56
2,22,32
3,52,26
4,61,7
1,68,50
0,40,57
2,20,33
3,52,27
4,59,8
5,26,6
0,40,58
1,69,51
2,20,34
0,37,59
5,27,7
4,56,9
3,52,28
2,21,35
0,34,60
4,54,10
1,70,52
5,30,8
3,52,29
4,53,11
2,20,36
0,31,61
3,51,30
5,33,9
4,50,12
2,20,37
3,47,31
1,70,53
4,49,13
2,19,38
5,35,10
3,47,32
5,36,11
1,70,54
4,43,14
2,18,39
3,45,33
5,35,12
2,16,40
1,70,55
4,38,15
5,35,13
2,16,41
3,55,34
2,13,42
5,35,14
1,69,56
4,43,16
2,14,43
3,51,35
2,14,44
5,38,15
1,69,57
4,40,17
3,54,36
4,39,18
2,28,45
3,56,37
2,31,46
1,68,58
4,38,19
2,29,47
5,46,16
4,37,20
1,69,59
3,54,38
2,28,48
4,35,21
3,51,39
2,28,49
1,64,60
5,43,17
6,0,-1
4,36,22
3,48,40
5,43,18
2,29,50
5,42,19
2,28,51
7,0,-1
1,54,61
4,30,23
5,42,20
6,62,0
3,47,41
2,29,52
6,63,1
5,44,21
3,46,42
4,26,24
7,0,0
6,62,2
7,0,1
2,59,53
3,43,43
5,46,22
7,2,2
4,24,25
6,61,3
2,61,54
3,43,44
5,48,23
2,60,55
6,62,4
7,5,3
4,30,26
2,61,56
5,48,24
3,55,45
6,56,5
4,26,27
2,61,57
4,26,28
3,52,46
5,47,25
7,24,4
2,54,58
3,48,47
7,25,5
4,24,29
6,56,6
4,24,30
3,48,48
2,47,59
5,52,26
4,27,31
7,27,6
6,53,7
5,52,27
3,45,49
6,53,8
4,27,32
2,40,60
7,30,7
5,53,28
6,54,9
4,26,33
2,35,61
7,31,8
5,54,29
3,40,50
6,49,10
7,33,9
4,27,34
3,39,51
6,47,11
5,56,30
4,26,35
7,35,10
4,26,36
6,45,12
5,55,31
7,36,11
3,38,52
6,46,13
4,27,37
7,38,12
5,54,32
6,45,14
3,43,53
7,38,13
5,55,33
4,28,38
7,40,14
6,41,15
3,40,54
4,27,39
4,26,40
7,38,15
3,40,55
5,57,34
4,26,41
4,25,42
3,43,56
6,39,16
5,55,35
5,55,36
4,27,43
6,37,17
3,39,57
4,26,44
6,38,18
5,53,37
7,51,16
3,36,58
6,37,19
5,51,38
7,47,17
4,31,45
3,36,59
6,34,20
4,30,46
7,46,18
5,45,39
4,31,47
5,45,40
6,29,21
3,28,60
4,32,48
7,45,19
4,31,49
6,26,22
7,43,20
5,44,41
3,21,61
6,25,23
5,42,42
4,31,50
7,42,21
4,31,51
6,24,24
5,44,43
4,31,52
7,42,22
6,23,25
5,44,44
7,41,23
4,37,53
6,29,26
7,40,24
5,51,45
6,28,27
5,53,46
4,34,54
6,29,28
5,52,47
7,36,25
4,31,55
6,30,29
6,30,30
5,51,48
4,30,56
6,28,31
6,28,32
5,49,49
7,49,26
4,27,57
6,26,33
4,24,58
5,47,50
7,50,27
5,46,51
4,23,59
6,33,34
4,20,60
7,50,28
4,18,61
5,44,52
6,32,35
7,49,29
6,33,36
7,48,30
7,48,31
6,30,37
5,48,53
7,48,32
5,47,54
7,49,33
6,28,38
5,46,55
6,26,39
7,46,34
5,44,56
6,24,40
7,46,35
6,23,41
5,38,57
7,44,36
6,22,42
5,36,58
6,21,43
7,43,37
6,20,44
5,34,59
7,41,38
6,27,45
5,31,60
6,28,46
7,41,39
5,26,61
6,28,47
7,40,40
6,27,48
6,27,49
7,37,41
7,37,42
6,23,50
7,35,43
6,23,51
7,36,44
6,22,52
7,44,45
6,26,53
7,45,46
6,24,54
7,43,47
6,24,55
7,40,48
6,23,56
6,23,57
7,41,49
6,24,58
6,24,59
7,41,50
7,41,51
6,19,60
6,18,61
7,41,52
7,42,53
7,43,54
7,42,55
7,41,56
7,38,57
7,36,58
7,30,59
7,29,60
7,20,61
