0,0,-1
0,60,0
1,0,-1
0,59,1
0,59,2
1,11,0
1,11,1
0,59,3
1,11,2
1,11,3
0,60,4
1,13,4
0,58,5
1,12,5
0,55,6
1,12,6
0,55,7
1,11,7
0,51,8
1,11,8
0,47,9
1,11,9
0,45,10
1,11,10
0,45,11
1,12,11
0,42,12
1,12,12
0,41,13
1,14,13
0,38,14
1,14,14
0,38,15
1,14,15
0,41,16
0,38,17
0,38,18
0,38,19
1,24,16
1,25,17
0,36,20
1,25,18
0,33,21
1,25,19
1,27,20
0,33,22
1,27,21
0,32,23
1,27,22
0,30,24
2,0,-1
1,26,23
1,25,24
0,29,25
3,0,-1
2,70,0
1,24,25
0,30,26
2,70,1
3,1,0
3,2,1
2,69,2
0,29,27
3,3,2
2,68,3
1,44,26
0,27,28
3,3,3
0,27,29
1,44,27
2,66,4
0,29,30
1,45,28
0,30,31
2,61,5
3,18,4
0,28,32
3,18,5
1,41,29
2,60,6
0,28,33
2,57,7
3,22,6
1,39,30
0,33,34
2,54,8
1,38,31
3,24,7
0,29,35
2,52,9
0,28,36
1,37,32
3,22,8
2,48,10
0,28,37
1,38,33
3,24,9
0,28,38
2,43,11
0,27,39
3,23,10
2,40,12
0,24,40
1,58,34
3,26,11
2,39,13
2,39,14
3,27,12
0,22,41
1,60,35
3,28,13
0,21,42
2,34,15
3,27,14
1,62,36
0,23,43
3,28,15
0,22,44
1,62,37
2,36,16
1,62,38
2,35,17
0,30,45
0,29,46
2,32,18
3,48,16
1,66,39
2,32,19
0,29,47
1,65,40
3,51,17
2,28,20
0,26,48
3,52,18
0,26,49
2,24,21
3,51,19
1,61,41
2,23,22
0,26,50
3,49,20
1,61,42
0,27,51
4,0,-1
2,20,23
3,52,21
2,18,24
3,53,22
0,25,52
1,60,43
5,0,-1
3,50,23
1,59,44
4,70,0
3,49,24
4,70,1
5,3,0
2,19,25
0,38,53
4,70,2
5,3,1
0,39,54
4,70,3
2,21,26
1,70,45
5,7,2
0,39,55
2,20,27
3,51,25
1,68,46
2,20,28
4,69,4
5,8,3
4,68,5
1,69,47
2,19,29
0,39,56
2,19,30
0,38,57
3,63,26
1,67,48
2,18,31
0,36,58
4,66,6
5,28,4
3,62,27
2,19,32
0,32,59
4,65,7
5,30,5
3,59,28
1,64,49
0,28,60
2,14,33
4,64,8
0,25,61
3,56,29
2,17,34
4,62,9
1,66,50
3,54,30
5,35,6
2,16,35
5,35,7
3,54,31
4,60,10
1,67,51
5,35,8
2,17,36
4,57,11
3,49,32
2,18,37
1,65,52
5,33,9
4,54,12
2,17,38
4,52,13
5,32,10
2,15,39
3,45,33
5,31,11
2,16,40
4,49,14
1,70,53
5,30,12
2,17,41
4,47,15
5,31,13
1,70,54
2,17,42
3,50,34
2,16,43
5,28,14
3,49,35
4,46,16
1,67,55
2,15,44
5,27,15
4,44,17
3,46,36
4,40,18
1,70,56
3,47,37
4,40,19
3,48,38
2,41,45
5,41,16
2,41,46
1,68,57
4,35,20
3,50,39
5,40,17
2,39,47
5,41,18
4,33,21
2,40,48
3,50,40
4,33,22
1,66,58
5,39,19
2,40,49
4,31,23
5,40,20
3,49,41
1,66,59
6,0,-1
2,40,50
3,47,42
4,28,24
5,41,21
2,41,51
3,47,43
1,58,60
7,0,-1
5,42,22
3,45,44
2,39,52
6,63,0
5,41,23
4,25,25
1,50,61
7,0,0
5,40,24
6,67,1
7,0,1
4,24,26
2,68,53
3,51,45
6,66,2
3,50,46
7,1,2
4,22,27
3,49,47
6,66,3
4,21,28
2,70,54
5,38,25
3,49,48
4,21,29
2,70,55
7,5,3
6,66,4
4,20,30
3,48,49
4,18,31
2,69,56
5,51,26
2,68,57
4,17,32
3,46,50
6,57,5
7,30,4
4,15,33
3,44,51
2,65,58
5,44,27
7,32,5
6,55,6
3,45,52
5,43,28
2,59,59
4,26,34
6,52,7
7,35,6
5,43,29
4,26,35
6,52,8
3,45,53
4,22,36
6,50,9
2,45,60
7,37,7
5,43,30
3,46,54
4,22,37
7,38,8
6,48,10
5,40,31
4,22,38
2,39,61
3,44,55
6,47,11
4,22,39
7,37,9
5,38,32
3,44,56
4,21,40
6,43,12
7,38,10
3,46,57
5,35,33
7,39,11
6,42,13
4,21,41
4,21,42
3,46,58
6,41,14
7,37,12
4,24,43
3,40,59
4,22,44
5,45,34
6,34,15
7,34,13
5,42,35
3,33,60
7,37,14
4,26,45
4,25,46
6,34,16
7,37,15
5,45,36
4,25,47
3,26,61
6,33,17
5,43,37
6,32,18
4,24,48
6,31,19
5,43,38
7,52,16
4,20,49
6,29,20
5,38,39
7,49,17
4,20,50
6,28,21
5,35,40
4,19,51
7,49,18
6,26,22
5,36,41
4,19,52
6,23,23
7,48,19
5,33,42
6,22,24
7,50,20
5,32,43
4,29,53
4,29,54
6,20,25
5,34,44
7,50,21
4,25,55
7,49,22
6,23,26
7,47,23
6,22,27
4,26,56
5,40,45
6,22,28
4,25,57
5,39,46
6,22,29
7,48,24
4,25,58
5,37,47
6,22,30
4,23,59
5,38,48
6,18,31
4,21,60
6,16,32
5,36,49
7,45,25
4,17,61
6,19,33
5,33,50
7,49,26
5,32,51
6,23,34
7,47,27
6,24,35
5,30,52
6,23,36
7,47,28
6,24,37
5,40,53
7,46,29
6,25,38
7,45,30
5,37,54
6,24,39
7,42,31
5,35,55
6,22,40
5,34,56
7,40,32
6,21,41
5,32,57
6,22,42
7,39,33
5,33,58
5,31,59
6,21,43
6,21,44
7,48,34
5,28,60
5,24,61
7,46,35
6,30,45
7,46,36
6,31,46
6,30,47
7,43,37
6,27,48
7,41,38
6,29,49
7,39,39
6,29,50
7,37,40
7,38,41
6,25,51
7,35,42
6,25,52
7,34,43
6,31,53
7,36,44
6,31,54
6,31,55
7,36,45
6,31,56
7,37,46
7,37,47
6,29,57
7,36,48
6,31,58
6,29,59
7,33,49
7,34,50
6,23,60
7,34,51
6,20,61
7,33,52
7,37,53
7,35,54
7,32,55
7,31,56
7,31,57
7,32,58
7,30,59
7,27,60
7,21,61
