0,0,-1
0,60,0
1,0,-1
0,58,1
0,58,2
1,11,0
1,11,1
0,58,3
1,10,2
0,58,4
1,10,3
0,53,5
1,13,4
1,13,5
0,52,6
1,13,6
0,50,7
1,13,7
0,47,8
1,12,8
0,47,9
1,12,9
0,46,10
0,46,11
1,13,10
1,13,11
0,44,12
1,13,12
0,43,13
1,13,13
0,40,14
1,12,14
0,37,15
1,12,15
0,36,16
0,34,17
1,23,16
0,31,18
0,30,19
1,24,17
0,28,20
1,22,18
1,23,19
0,25,21
1,24,20
0,24,22
0,24,23
1,26,21
0,21,24
1,25,22
1,27,23
2,0,-1
0,17,25
1,25,24
0,21,26
3,0,-1
0,21,27
2,65,0
0,21,28
1,25,25
2,66,1
0,21,29
2,66,2
3,0,0
0,20,30
3,0,1
2,66,3
0,20,31
1,38,26
0,17,32
2,66,4
3,7,2
1,39,27
3,7,3
0,15,33
2,63,5
1,40,28
1,37,29
2,61,6
0,23,34
3,20,4
1,37,30
0,23,35
2,59,7
3,22,5
1,37,31
0,24,36
2,57,8
1,36,32
0,22,37
2,55,9
3,22,6
1,39,33
0,21,38
2,53,10
3,23,7
2,51,11
0,20,39
2,51,12
3,21,8
0,19,40
3,21,9
2,48,13
1,60,34
0,20,41
2,46,14
3,23,10
0,18,42
3,23,11
1,58,35
2,39,15
0,21,43
1,57,36
3,27,12
0,19,44
3,26,13
1,57,37
2,40,16
3,23,14
1,55,38
2,39,17
0,35,45
2,38,18
3,24,15
0,36,46
2,37,19
1,59,39
0,36,47
2,36,20
0,37,48
1,59,40
0,37,49
2,35,21
3,44,16
2,33,22
0,36,50
3,43,17
1,60,41
2,33,23
0,35,51
3,43,18
2,32,24
3,40,19
0,34,52
1,66,42
3,41,20
4,0,-1
1,68,43
3,40,21
2,27,25
0,50,53
1,68,44
5,0,-1
3,42,22
3,43,23
4,68,0
2,29,26
0,49,54
5,0,0
2,29,27
4,70,1
0,49,55
5,2,1
4,70,2
5,2,2
2,26,28
1,70,45
3,41,24
0,48,56
4,70,3
1,70,46
0,50,57
2,24,29
5,5,3
3,40,25
2,22,30
0,46,58
4,70,4
0,45,59
1,64,47
2,22,31
4,68,5
2,20,32
1,61,48
0,40,60
3,47,26
5,21,4
0,37,61
1,62,49
4,66,6
2,20,33
3,44,27
5,26,5
3,40,28
4,59,7
2,27,34
3,36,29
1,56,50
5,25,6
2,27,35
4,54,8
3,39,30
2,27,36
4,54,9
5,27,7
1,55,51
3,40,31
2,26,37
4,52,10
5,30,8
3,41,32
4,49,11
1,57,52
2,27,38
5,31,9
4,50,12
3,44,33
2,24,39
2,24,40
4,45,13
5,30,10
1,70,53
4,43,14
5,32,11
3,51,34
2,24,41
5,33,12
2,23,42
3,50,35
4,39,15
1,70,54
2,22,43
5,32,13
5,33,14
3,50,36
2,22,44
1,69,55
5,32,15
3,48,37
4,39,16
4,37,17
3,46,38
2,46,45
4,37,18
1,65,56
5,43,16
2,45,46
4,36,19
3,41,39
2,45,47
4,34,20
5,40,17
3,42,40
1,66,57
2,48,48
4,32,21
5,41,18
3,42,41
1,62,58
2,44,49
3,41,42
4,30,22
5,39,19
3,40,43
6,0,-1
4,30,23
2,41,50
3,37,44
1,55,59
5,36,20
4,28,24
2,39,51
7,0,-1
5,38,21
6,70,0
1,46,60
2,41,52
6,70,1
4,25,25
7,5,0
3,39,45
6,70,2
7,7,1
5,33,22
1,39,61
3,40,46
4,29,26
5,35,23
7,10,2
6,68,3
3,40,47
2,64,53
3,39,48
4,25,27
7,11,3
2,65,54
5,36,24
6,67,4
3,39,49
4,26,28
6,64,5
4,26,29
2,68,55
3,40,50
5,35,25
4,25,30
7,30,4
2,66,56
6,63,6
3,37,51
4,22,31
7,32,5
2,64,57
6,61,7
4,21,32
3,35,52
5,45,26
6,59,8
7,33,6
4,25,33
2,58,58
7,33,7
5,44,27
6,56,9
3,46,53
7,33,8
6,54,10
5,42,28
3,47,54
4,31,34
2,50,59
6,51,11
7,33,9
4,33,35
5,42,29
7,33,10
3,42,55
6,48,12
2,44,60
7,34,11
4,35,36
5,43,30
3,39,56
6,46,13
7,36,12
4,35,37
2,37,61
5,37,31
6,46,14
7,36,13
3,34,57
4,37,38
5,34,32
6,44,15
7,34,14
4,36,39
3,30,58
4,33,40
5,33,33
7,32,15
3,27,59
6,43,16
6,43,17
4,32,41
3,25,60
6,41,18
4,33,42
5,42,34
3,20,61
7,46,16
6,39,19
5,40,35
4,28,43
7,44,17
5,42,36
6,36,20
4,29,44
7,41,18
5,42,37
7,41,19
6,34,21
4,32,45
7,40,20
5,40,38
4,30,46
6,32,22
7,38,21
5,38,39
6,32,23
4,32,47
7,38,22
5,37,40
6,33,24
4,31,48
7,37,23
5,34,41
4,30,49
6,27,25
7,37,24
5,33,42
5,34,43
4,27,50
6,29,26
7,36,25
5,35,44
4,30,51
6,25,27
4,31,52
7,39,26
6,25,28
5,44,45
5,44,46
6,26,29
5,43,47
7,38,27
4,39,53
6,26,30
5,45,48
7,37,28
6,23,31
4,38,54
4,38,55
7,37,29
6,22,32
5,45,49
4,39,56
6,23,33
7,37,30
5,41,50
4,39,57
7,36,31
5,38,51
6,26,34
4,36,58
7,38,32
6,26,35
5,35,52
7,36,33
4,31,59
6,26,36
4,29,60
6,25,37
4,27,61
5,48,53
6,26,38
7,35,34
6,26,39
7,33,35
6,25,40
5,45,54
5,42,55
7,32,36
6,21,41
6,23,42
7,30,37
5,40,56
5,40,57
6,23,43
7,29,38
6,21,44
5,35,58
7,28,39
7,28,40
6,24,45
5,29,59
6,23,46
7,26,41
5,23,60
6,25,47
6,25,48
7,27,42
5,21,61
7,29,43
6,22,49
7,31,44
6,21,50
6,22,51
7,40,45
6,21,52
7,38,46
7,36,47
6,23,53
7,33,48
6,21,54
7,32,49
7,32,50
6,19,55
7,31,51
6,17,56
7,29,52
6,15,57
6,13,58
6,12,59
7,36,53
6,11,60
7,37,54
6,10,61
7,34,55
7,32,56
7,29,57
7,27,58
7,23,59
7,23,60
7,18,61
