0,0,-1
0,60,0
1,0,-1
0,58,1
0,58,2
1,11,0
1,11,1
0,58,3
1,10,2
0,58,4
1,10,3
0,53,5
1,13,4
1,13,5
0,52,6
1,13,6
0,50,7
1,13,7
0,47,8
1,12,8
0,47,9
1,12,9
0,46,10
0,46,11
1,13,10
1,13,11
0,44,12
1,13,12
0,43,13
1,13,13
0,40,14
1,12,14
0,37,15
1,12,15
0,36,16
0,34,17
1,23,16
0,31,18
0,30,19
1,24,17
0,27,20
1,22,18
1,23,19
0,24,21
0,23,22
1,25,20
0,23,23
1,27,21
0,21,24
1,26,22
1,26,23
1,23,24
2,0,-1
0,17,25
0,17,26
3,0,-1
0,17,27
1,22,25
0,17,28
2,64,0
0,17,29
0,16,30
2,68,1
3,1,0
0,16,31
2,68,2
3,1,1
1,37,26
2,68,3
0,18,32
1,38,27
3,7,2
1,37,28
0,17,33
2,70,4
3,7,3
2,69,5
1,34,29
1,35,30
0,25,34
3,24,4
1,35,31
2,67,6
0,25,35
3,25,5
0,26,36
1,32,32
2,65,7
0,25,37
1,34,33
3,24,6
2,64,8
0,23,38
2,62,9
3,26,7
1,49,34
0,20,39
3,25,8
2,59,10
0,19,40
3,26,9
2,56,11
1,49,35
2,56,12
0,19,41
3,27,10
0,18,42
1,48,36
3,25,11
2,53,13
0,19,43
3,27,12
1,46,37
2,50,14
0,19,44
3,26,13
1,45,38
3,23,14
2,44,15
1,50,39
3,21,15
0,28,45
1,48,40
0,29,46
2,46,16
0,30,47
1,49,41
2,45,17
0,32,48
2,44,18
2,44,19
0,33,49
3,39,16
2,43,20
3,40,17
1,54,42
3,40,18
0,30,50
2,42,21
0,29,51
1,58,43
3,39,19
2,40,22
3,41,20
1,54,44
0,32,52
2,38,23
4,0,-1
2,37,24
3,38,21
5,0,-1
1,70,45
0,50,53
2,33,25
1,70,46
3,38,22
4,66,0
5,2,0
0,50,54
4,68,1
1,68,47
3,41,23
4,68,2
5,2,1
2,34,26
0,51,55
1,66,48
2,34,27
5,5,2
4,67,3
1,66,49
2,32,28
0,51,56
3,38,24
2,30,29
4,70,4
5,9,3
0,50,57
4,69,5
1,62,50
2,28,30
0,45,58
2,28,31
3,35,25
1,64,51
2,27,32
0,42,59
4,68,6
5,27,4
2,27,33
5,29,5
0,35,60
3,50,26
1,66,52
0,34,61
4,64,7
2,33,34
3,49,27
5,30,6
2,31,35
4,58,8
3,46,28
2,31,36
5,32,7
1,70,53
4,57,9
2,31,37
5,32,8
3,43,29
4,56,10
3,44,30
1,70,54
2,31,38
4,54,11
5,34,9
3,46,31
2,32,39
1,70,55
4,51,12
3,46,32
2,34,40
5,33,10
2,33,41
4,47,13
5,34,11
3,50,33
2,33,42
1,67,56
4,44,14
5,34,12
2,30,43
5,34,13
4,40,15
1,68,57
2,28,44
3,61,34
5,32,14
1,68,58
3,60,35
5,31,15
4,41,16
1,63,59
2,41,45
2,40,46
3,60,36
4,37,17
2,37,47
4,35,18
1,55,60
2,36,48
3,60,37
5,46,16
4,33,19
5,46,17
2,32,49
4,29,20
3,56,38
1,46,61
5,47,18
2,29,50
4,29,21
5,42,19
3,52,39
6,0,-1
2,29,51
4,28,22
5,40,20
3,53,40
4,26,23
2,28,52
7,0,-1
5,40,21
6,70,0
3,49,41
4,22,24
6,70,1
7,8,0
3,46,42
2,60,53
5,35,22
6,69,2
7,10,1
3,43,43
6,69,3
5,34,23
2,60,54
7,13,2
4,19,25
3,42,44
5,35,24
2,59,55
6,69,4
4,23,26
2,58,56
7,16,3
2,58,57
6,66,5
4,19,27
5,31,25
3,55,45
2,56,58
6,65,6
4,19,28
3,53,46
7,32,4
3,52,47
2,52,59
6,60,7
4,18,29
5,45,26
3,50,48
7,34,5
4,19,30
6,59,8
3,50,49
4,20,31
2,43,60
5,44,27
4,20,32
7,36,6
3,47,50
6,52,9
4,20,33
2,36,61
5,39,28
7,35,7
6,50,10
3,46,51
7,35,8
5,42,29
6,49,11
4,25,34
6,48,12
5,40,30
7,34,9
4,27,35
3,42,52
6,45,13
4,26,36
7,35,10
5,33,31
6,44,14
7,34,11
4,25,37
5,31,32
4,25,38
3,42,53
7,36,12
6,41,15
4,24,39
3,40,54
4,23,40
7,39,13
5,30,33
4,23,41
3,40,55
6,39,16
7,41,14
6,38,17
4,22,42
3,40,56
5,39,34
7,41,15
6,35,18
6,35,19
4,25,43
5,39,35
3,39,57
4,25,44
6,33,20
5,36,36
4,28,45
3,37,58
5,38,37
7,53,16
6,31,21
4,29,46
4,30,47
3,32,59
7,55,17
6,29,22
5,38,38
6,28,23
4,29,48
7,54,18
3,26,60
5,41,39
6,25,24
7,56,19
4,30,49
5,39,40
3,20,61
7,54,20
5,36,41
4,26,50
6,20,25
5,35,42
7,53,21
4,29,51
7,53,22
5,34,43
6,24,26
4,28,52
6,22,27
7,53,23
5,36,44
6,21,28
7,54,24
4,37,53
6,19,29
6,18,30
5,44,45
6,17,31
4,34,54
5,43,46
6,16,32
4,33,55
7,52,25
5,45,47
4,33,56
6,15,33
5,44,48
4,32,57
4,32,58
7,44,26
5,41,49
6,21,34
4,30,59
7,43,27
6,21,35
6,21,36
4,27,60
5,38,50
6,21,37
7,44,28
5,39,51
6,22,38
4,23,61
7,46,29
6,21,39
5,34,52
6,19,40
7,45,30
6,19,41
7,44,31
6,21,42
5,43,53
6,22,43
5,42,54
7,42,32
6,23,44
7,41,33
5,42,55
5,41,56
6,29,45
6,29,46
7,40,34
5,40,57
6,28,47
7,39,35
5,38,58
6,29,48
7,39,36
6,25,49
5,35,59
7,35,37
6,24,50
6,24,51
7,35,38
5,29,60
6,24,52
5,28,61
7,32,39
7,32,40
6,27,53
7,27,41
6,27,54
7,25,42
6,26,55
7,25,43
7,26,44
6,24,56
6,24,57
7,31,45
6,22,58
7,28,46
6,22,59
7,28,47
6,19,60
7,24,48
6,17,61
7,26,49
7,25,50
7,22,51
7,21,52
7,23,53
7,22,54
7,19,55
7,18,56
7,18,57
7,16,58
7,14,59
7,10,60
7,7,61
