0,0,-1
0,60,0
1,0,-1
0,58,1
0,58,2
1,11,0
1,11,1
0,58,3
1,10,2
0,59,4
1,10,3
0,54,5
1,12,4
1,12,5
0,53,6
1,12,6
0,51,7
1,12,7
0,48,8
1,11,8
0,48,9
1,11,9
0,47,10
0,47,11
1,12,10
1,12,11
0,45,12
1,12,12
0,44,13
1,12,13
0,41,14
1,11,14
0,38,15
1,11,15
0,40,16
0,39,17
1,19,16
1,19,17
0,36,18
0,35,19
1,17,18
1,17,19
0,32,20
1,19,20
0,29,21
1,20,21
0,28,22
0,28,23
1,18,22
1,18,23
0,26,24
1,15,24
2,0,-1
0,22,25
1,15,25
3,0,-1
0,25,26
2,66,0
0,27,27
3,0,0
2,70,1
0,26,28
3,1,1
2,70,2
1,27,26
0,26,29
2,70,3
1,28,27
0,25,30
3,7,2
1,28,28
0,26,31
3,7,3
2,70,4
0,24,32
2,69,5
1,25,29
1,26,30
0,23,33
1,26,31
3,26,4
2,67,6
3,27,5
1,26,32
2,65,7
0,37,34
1,27,33
3,27,6
2,63,8
0,36,35
0,36,36
2,61,9
3,29,7
1,39,34
2,59,10
3,28,8
0,36,37
1,38,35
3,28,9
2,57,11
0,34,38
2,57,12
1,40,36
3,28,10
3,27,11
2,53,13
1,39,37
0,33,39
2,52,14
0,33,40
3,29,12
1,39,38
3,28,13
0,33,41
2,45,15
3,27,14
1,41,39
1,41,40
3,26,15
0,33,42
2,48,16
0,34,43
1,41,41
2,48,17
0,31,44
1,45,42
2,47,18
3,47,16
2,45,19
1,47,43
3,48,17
2,44,20
1,46,44
0,46,45
3,47,18
0,45,46
2,42,21
2,41,22
3,45,19
0,42,47
2,41,23
0,42,48
4,0,-1
3,46,20
1,65,45
0,42,49
1,66,46
3,45,21
2,42,24
5,0,-1
0,42,50
3,46,22
1,66,47
4,64,0
3,46,23
0,40,51
4,66,1
5,1,0
2,36,25
4,66,2
5,1,1
1,66,48
4,66,3
5,2,2
3,41,24
0,42,52
2,40,26
1,65,49
4,67,4
5,4,3
2,41,27
3,40,25
4,65,5
0,53,53
2,40,28
0,52,54
2,39,29
4,64,6
1,60,50
5,21,4
2,38,30
3,47,26
0,53,55
5,23,5
2,38,31
4,61,7
1,64,51
3,44,27
4,60,8
2,37,32
0,52,56
5,24,6
3,41,28
2,36,33
4,56,9
5,24,7
1,69,52
0,49,57
3,37,29
5,25,8
4,54,10
0,43,58
4,52,11
3,39,30
2,44,34
1,70,53
5,23,9
0,38,59
4,49,12
2,42,35
3,40,31
5,23,10
3,39,32
5,22,11
2,40,36
0,32,60
4,45,13
1,70,54
5,22,12
3,40,33
2,39,37
4,41,14
5,23,13
0,26,61
1,70,55
2,39,38
5,22,14
4,34,15
5,22,15
2,35,39
3,55,34
1,69,56
2,37,40
3,56,35
2,37,41
4,35,16
4,35,17
1,70,57
2,36,42
3,56,36
4,36,18
1,69,58
5,28,16
2,31,43
3,57,37
4,32,19
5,29,17
1,66,59
3,58,38
2,28,44
4,32,20
5,30,18
5,30,19
3,58,39
1,56,60
4,28,21
3,58,40
5,28,20
2,37,45
2,36,46
1,52,61
6,0,-1
4,25,22
5,29,21
4,25,23
5,28,22
2,34,47
3,56,41
5,29,23
7,0,-1
3,53,42
4,23,24
2,36,48
5,30,24
3,53,43
6,67,0
2,34,49
6,69,1
7,0,0
3,51,44
4,22,25
5,29,25
6,68,2
7,0,1
2,35,50
6,68,3
7,3,2
2,35,51
4,33,26
6,68,4
3,59,45
7,5,3
2,36,52
3,58,46
5,32,26
6,64,5
4,33,27
3,57,47
3,58,48
5,31,27
4,34,28
7,21,4
2,70,53
6,65,6
3,56,49
4,34,29
5,33,28
7,24,5
2,70,54
4,32,30
5,34,29
6,61,7
3,52,50
7,25,6
2,69,55
4,30,31
5,33,30
6,60,8
7,26,7
4,29,32
2,68,56
3,50,51
5,27,31
7,29,8
2,70,57
6,55,9
5,27,32
3,47,52
4,28,33
7,29,9
6,52,10
5,27,33
7,29,10
6,49,11
2,62,58
4,36,34
3,56,53
7,31,11
6,47,12
2,56,59
4,36,35
5,33,34
3,66,54
6,46,13
7,31,12
5,33,35
4,36,36
6,46,14
4,36,37
3,64,55
5,32,36
7,32,13
4,36,38
2,47,60
5,32,37
6,42,15
7,34,14
4,35,39
3,64,56
5,33,38
7,35,15
4,34,40
2,39,61
5,35,39
3,61,57
4,34,41
5,35,40
3,60,58
6,47,16
4,32,42
5,34,41
3,55,59
4,32,43
6,47,17
5,33,42
7,46,16
5,32,43
4,30,44
6,41,18
3,47,60
7,43,17
6,41,19
3,45,61
7,40,18
5,28,44
6,39,20
4,39,45
4,40,46
7,39,19
6,39,21
4,38,47
5,36,45
7,43,20
6,37,22
4,38,48
5,32,46
6,36,23
5,33,47
7,45,21
4,37,49
6,33,24
5,34,48
7,46,22
4,35,50
5,34,49
7,45,23
6,31,25
5,34,50
4,34,51
7,43,24
5,33,51
6,32,26
4,34,52
7,40,25
6,30,27
5,30,52
6,30,28
4,45,53
6,28,29
7,36,26
4,45,54
4,45,55
6,31,30
5,37,53
7,35,27
6,29,31
4,43,56
5,35,54
7,34,28
4,43,57
6,29,32
6,29,33
5,33,55
7,32,29
4,43,58
5,33,56
7,30,30
6,31,34
7,31,31
4,38,59
5,35,57
6,30,35
7,30,32
5,35,58
4,33,60
7,29,33
6,29,36
6,30,37
5,30,59
4,26,61
5,27,60
6,29,38
7,38,34
5,25,61
7,35,35
6,25,39
6,26,40
7,34,36
7,33,37
6,24,41
7,33,38
6,24,42
7,31,39
6,23,43
7,30,40
6,25,44
7,27,41
7,26,42
7,26,43
6,31,45
6,32,46
7,26,44
6,30,47
7,27,45
7,26,46
6,26,48
7,24,47
6,27,49
7,23,48
6,27,50
7,22,49
6,27,51
6,27,52
7,21,50
7,20,51
6,34,53
7,19,52
6,35,54
6,32,55
7,26,53
6,29,56
7,24,54
6,31,57
7,24,55
6,30,58
7,24,56
6,27,59
7,22,57
7,22,58
6,22,60
7,21,59
6,18,61
7,20,60
7,18,61
