0,0,-1
0,60,0
1,0,-1
0,58,1
0,58,2
1,11,0
1,11,1
0,58,3
1,10,2
0,59,4
1,10,3
0,54,5
1,12,4
1,12,5
0,53,6
1,12,6
0,51,7
1,12,7
0,48,8
1,11,8
0,48,9
1,11,9
0,47,10
0,47,11
1,12,10
1,12,11
0,45,12
1,12,12
0,44,13
1,12,13
0,41,14
1,11,14
0,38,15
1,11,15
0,39,16
0,38,17
1,20,16
0,35,18
1,20,17
0,34,19
1,18,18
0,31,20
1,18,19
1,19,20
0,29,21
1,20,21
0,28,22
0,28,23
1,18,22
1,18,23
0,26,24
1,15,24
2,0,-1
0,21,25
1,14,25
3,0,-1
2,67,0
0,27,26
2,70,1
3,0,0
0,29,27
2,70,2
0,29,28
3,1,1
0,29,29
1,26,26
2,70,3
0,28,30
3,8,2
0,28,31
1,27,27
1,26,28
2,70,4
3,8,3
0,26,32
2,67,5
1,23,29
0,27,33
1,25,30
3,27,4
1,26,31
2,64,6
3,28,5
0,38,34
1,25,32
2,62,7
0,35,35
1,26,33
3,27,6
2,60,8
3,28,7
0,35,36
3,28,8
2,58,9
0,33,37
3,28,9
1,39,34
2,55,10
0,29,38
3,28,10
2,53,11
1,40,35
2,54,12
3,29,11
1,42,36
0,28,39
3,31,12
2,49,13
0,26,40
1,42,37
3,30,13
2,47,14
1,44,38
3,30,14
0,23,41
2,41,15
0,24,42
3,31,15
1,48,39
0,25,43
1,46,40
2,42,16
0,23,44
2,42,17
1,46,41
2,41,18
3,52,16
2,40,19
0,49,45
1,52,42
3,53,17
0,48,46
2,38,20
1,54,43
3,53,18
2,36,21
0,47,47
1,53,44
0,47,48
3,52,19
2,35,22
2,35,23
4,0,-1
3,54,20
0,49,49
1,64,45
2,34,24
5,0,-1
1,63,46
3,50,21
0,49,50
0,49,51
4,65,0
2,30,25
1,62,47
3,51,22
5,1,0
4,67,1
3,52,23
1,62,48
0,48,52
5,1,1
4,66,2
5,1,2
2,32,26
1,60,49
3,48,24
4,64,3
2,29,27
0,57,53
5,3,3
2,30,28
1,55,50
4,66,4
3,42,25
0,57,54
4,68,5
2,27,29
2,29,30
1,55,51
5,19,4
0,56,55
2,30,31
5,19,5
3,53,26
4,65,6
0,54,56
2,29,32
3,56,27
1,56,52
4,64,7
0,54,57
5,18,6
0,54,58
3,53,28
2,31,33
4,62,8
5,19,7
0,49,59
3,50,29
1,70,53
4,60,9
5,21,8
3,49,30
2,40,34
0,42,60
4,58,10
3,48,31
5,22,9
1,70,54
4,57,11
3,47,32
2,35,35
0,37,61
4,56,12
2,33,36
1,70,55
3,48,33
4,53,13
5,27,10
2,31,37
4,52,14
5,27,11
2,29,38
5,31,12
1,68,56
3,56,34
4,46,15
5,31,13
2,29,39
3,56,35
1,65,57
2,31,40
5,32,14
3,55,36
4,47,16
1,66,58
2,33,41
5,31,15
3,51,37
4,43,17
2,29,42
1,61,59
4,42,18
3,51,38
2,26,43
3,49,39
4,38,19
5,44,16
2,29,44
1,51,60
3,48,40
5,44,17
4,37,20
5,45,18
1,46,61
4,36,21
3,48,41
5,44,19
2,40,45
4,33,22
6,0,-1
2,40,46
3,46,42
4,31,23
5,40,20
3,44,43
2,40,47
7,0,-1
2,40,48
4,28,24
6,70,0
5,40,21
3,37,44
2,37,49
6,69,1
7,0,0
6,69,2
5,40,22
4,26,25
7,0,1
5,39,23
2,34,50
6,69,3
7,2,2
3,46,45
2,32,51
5,39,24
4,41,26
6,69,4
3,43,46
7,4,3
2,33,52
5,39,25
4,38,27
3,43,47
6,63,5
4,38,28
3,45,48
5,42,26
2,59,53
4,37,29
7,24,4
6,61,6
4,38,30
5,40,27
4,38,31
3,42,49
2,61,54
6,60,7
7,26,5
2,66,55
4,35,32
6,59,8
3,39,50
5,40,28
2,65,56
4,34,33
7,28,6
3,37,51
5,40,29
6,55,9
2,63,57
5,39,30
7,30,7
3,36,52
6,49,10
5,37,31
4,41,34
7,31,8
2,58,58
6,47,11
5,36,32
4,42,35
7,30,9
6,43,12
3,44,53
5,38,33
2,51,59
4,38,36
6,43,13
3,43,54
7,31,10
6,42,14
7,31,11
5,39,34
4,36,37
3,46,55
5,38,35
7,32,12
4,36,38
2,37,60
7,32,13
3,45,56
6,34,15
5,36,36
4,35,39
7,34,14
3,46,57
5,34,37
4,34,40
2,29,61
7,35,15
3,41,58
6,41,16
4,30,41
6,40,17
5,34,38
3,35,59
4,31,42
5,35,39
6,40,18
6,40,19
4,32,43
7,44,16
3,30,60
4,30,44
5,35,40
6,37,20
7,44,17
3,23,61
7,43,18
5,31,41
6,36,21
4,36,45
4,36,46
7,43,19
6,33,22
5,31,42
7,45,20
4,34,47
5,30,43
6,29,23
7,45,21
4,33,48
7,44,22
5,30,44
6,27,24
4,30,49
7,42,23
5,35,45
5,33,46
4,30,50
6,26,25
7,40,24
5,32,47
4,30,51
5,32,48
6,33,26
4,28,52
6,33,27
7,37,25
5,28,49
6,31,28
4,31,53
5,26,50
6,31,29
5,25,51
7,33,26
4,31,54
6,31,30
4,31,55
7,33,27
5,28,52
6,29,31
4,29,56
4,29,57
7,33,28
6,24,32
7,34,29
7,34,30
4,29,58
5,32,53
6,22,33
7,31,31
5,30,54
4,23,59
7,32,32
5,29,55
4,21,60
6,27,34
7,33,33
5,28,56
4,19,61
6,25,35
5,28,57
6,26,36
5,27,58
6,25,37
7,45,34
7,46,35
5,27,59
6,23,38
7,44,36
6,22,39
5,24,60
6,23,40
7,43,37
5,22,61
6,23,41
6,23,42
7,43,38
7,42,39
6,23,43
7,41,40
6,25,44
7,40,41
6,29,45
6,29,46
7,40,42
7,38,43
6,30,47
7,38,44
6,27,48
6,23,49
7,41,45
6,22,50
7,40,46
6,23,51
7,39,47
6,22,52
7,37,48
7,37,49
6,29,53
7,37,50
6,28,54
6,26,55
7,34,51
6,26,56
7,31,52
6,24,57
6,23,58
7,36,53
6,19,59
7,37,54
6,16,60
7,33,55
6,14,61
7,32,56
7,29,57
7,28,58
7,26,59
7,24,60
7,20,61
