0,0,-1
0,60,0
1,0,-1
0,58,1
0,58,2
1,11,0
1,11,1
0,58,3
1,10,2
0,59,4
1,10,3
0,54,5
1,12,4
1,12,5
0,53,6
1,12,6
0,51,7
1,12,7
0,48,8
1,11,8
0,48,9
1,11,9
0,47,10
0,47,11
1,12,10
1,12,11
0,45,12
1,12,12
0,43,13
1,13,13
0,40,14
1,12,14
0,37,15
1,12,15
0,37,16
0,36,17
1,22,16
0,33,18
1,22,17
0,32,19
1,20,18
0,29,20
1,20,19
1,21,20
0,27,21
1,22,21
0,25,22
0,25,23
1,21,22
1,21,23
0,23,24
1,18,24
2,0,-1
0,18,25
1,18,25
3,0,-1
2,67,0
0,23,26
0,23,27
2,70,1
3,1,0
0,24,28
3,1,1
0,24,29
2,70,2
1,31,26
0,24,30
0,24,31
2,70,3
1,32,27
3,8,2
1,31,28
3,8,3
0,22,32
2,70,4
0,20,33
1,28,29
2,68,5
1,28,30
3,20,4
1,29,31
0,27,34
3,21,5
1,28,32
2,64,6
0,28,35
2,63,7
1,31,33
3,20,6
0,28,36
2,61,8
0,27,37
2,59,9
3,21,7
0,26,38
1,51,34
3,20,8
2,56,10
1,49,35
0,26,39
3,20,9
0,26,40
2,53,11
2,53,12
3,21,10
1,51,36
0,25,41
1,53,37
3,22,11
2,47,13
0,28,42
1,52,38
2,46,14
0,29,43
3,27,12
0,27,44
3,29,13
1,53,39
2,39,15
3,26,14
1,51,40
3,26,15
0,41,45
0,41,46
2,39,16
1,51,41
0,38,47
2,38,17
0,37,48
1,54,42
2,37,18
0,37,49
3,41,16
2,35,19
3,41,17
1,57,43
2,36,20
0,35,50
3,43,18
1,57,44
2,35,21
0,37,51
3,40,19
0,38,52
4,0,-1
2,35,22
3,41,20
1,70,45
2,37,23
3,39,21
5,0,-1
1,70,46
2,36,24
0,51,53
4,69,0
3,40,22
1,70,47
5,1,0
0,52,54
3,41,23
4,70,1
5,3,1
2,33,25
0,52,55
1,67,48
4,69,2
5,5,2
4,68,3
3,38,24
1,67,49
2,34,26
5,6,3
0,53,56
2,35,27
4,69,4
3,35,25
0,51,57
2,33,28
4,68,5
1,63,50
0,48,58
2,31,29
1,63,51
5,25,4
2,31,30
0,42,59
3,50,26
4,65,6
5,27,5
2,32,31
2,31,32
3,49,27
0,36,60
4,63,7
1,64,52
2,31,33
0,32,61
3,50,28
5,27,6
4,60,8
3,46,29
5,28,7
1,70,53
4,55,9
3,48,30
2,40,34
5,28,8
3,48,31
5,27,9
2,36,35
1,69,54
3,49,32
4,49,10
2,37,36
4,47,11
1,69,55
5,28,10
3,54,33
4,46,12
2,34,37
5,28,11
4,44,13
2,32,38
5,29,12
1,68,56
3,59,34
4,40,14
2,28,39
5,35,13
2,30,40
3,58,35
4,36,15
1,64,57
2,30,41
5,37,14
2,30,42
3,57,36
1,64,58
5,35,15
2,27,43
4,38,16
3,56,37
2,25,44
4,36,17
1,59,59
3,57,38
4,34,18
5,48,16
1,50,60
2,41,45
3,57,39
4,29,19
5,49,17
3,58,40
2,43,46
1,43,61
5,51,18
3,57,41
4,28,20
2,42,47
6,0,-1
4,28,21
5,48,19
2,44,48
3,56,42
5,46,20
4,28,22
3,54,43
7,0,-1
2,43,49
4,27,23
5,45,21
6,68,0
4,27,24
3,49,44
2,42,50
5,41,22
7,0,0
6,70,1
6,70,2
7,2,1
4,26,25
2,39,51
5,41,23
6,70,3
7,4,2
3,60,45
2,40,52
5,41,24
3,60,46
7,5,3
4,36,26
6,70,4
2,58,53
5,41,25
3,55,47
6,65,5
4,32,27
2,54,54
3,53,48
7,22,4
4,31,28
7,25,5
2,54,55
5,51,26
6,63,6
4,31,29
3,51,49
4,29,30
2,53,56
5,49,27
3,49,50
4,29,31
6,59,7
2,54,57
7,30,6
4,27,32
6,57,8
5,51,28
3,51,51
2,50,58
4,28,33
7,31,7
2,51,59
6,51,9
5,50,29
3,49,52
4,31,34
7,32,8
5,48,30
2,45,60
6,48,10
4,29,35
7,32,9
6,45,11
5,44,31
3,60,53
4,26,36
3,60,54
2,35,61
5,42,32
7,34,10
6,41,12
7,32,11
4,30,37
3,58,55
5,44,33
6,39,13
7,32,12
4,30,38
7,32,13
3,57,56
6,39,14
4,29,39
5,48,34
7,34,14
5,45,35
4,26,40
3,53,57
6,37,15
7,33,15
4,22,41
5,44,36
3,48,58
4,23,42
5,43,37
6,40,16
6,39,17
4,25,43
3,42,59
5,43,38
6,37,18
5,44,39
4,22,44
7,47,16
6,36,19
5,43,40
3,34,60
7,48,17
6,37,20
3,32,61
4,29,45
7,45,18
5,37,41
4,29,46
6,35,21
5,36,42
7,42,19
4,30,47
4,31,48
6,31,22
5,36,43
7,43,20
6,28,23
4,29,49
5,33,44
7,42,21
6,27,24
4,28,50
7,42,22
4,25,51
5,47,45
6,24,25
5,45,46
7,39,23
4,22,52
5,45,47
6,24,26
6,24,27
7,39,24
5,43,48
6,24,28
4,26,53
7,38,25
6,23,29
5,40,49
6,23,30
4,27,54
6,23,31
4,27,55
5,36,50
7,35,26
6,23,32
4,25,56
4,25,57
5,35,51
6,21,33
7,34,27
4,24,58
5,33,52
7,33,28
4,21,59
6,19,34
7,30,29
4,18,60
7,31,30
5,41,53
6,15,35
7,31,31
4,16,61
6,16,36
7,31,32
5,40,54
5,40,55
7,31,33
6,14,37
5,39,56
5,38,57
6,15,38
6,12,39
5,37,58
6,12,40
7,41,34
7,40,35
6,13,41
7,40,36
6,15,42
5,34,59
7,36,37
6,18,43
5,30,60
6,18,44
7,36,38
5,28,61
7,34,39
6,28,45
6,28,46
7,32,40
6,27,47
7,31,41
6,22,48
7,29,42
6,21,49
7,28,43
7,28,44
6,22,50
6,22,51
6,22,52
7,35,45
7,35,46
6,24,53
7,35,47
6,24,54
7,31,48
6,20,55
7,29,49
6,19,56
7,31,50
6,18,57
6,18,58
7,30,51
6,18,59
6,18,60
7,28,52
6,16,61
7,33,53
7,30,54
7,26,55
7,26,56
7,26,57
7,22,58
7,20,59
7,19,60
7,14,61
