187.82
187.5
187.5
187.5
187.57
187.57
187.57
187.57
187.57
187.57
187.57
187.57
187.57
187.57
187.57
187.57
187.57
187.57
187.57
187.71
187.71
187.71
187.71
187.71
277.51
277.51
277.51
277.51
277.51
277.51
277.59
277.59
284.21
285.72
287.57
295.75
295.75
287.57
287.57
280.58
280.58
280.58
280.58
280.58
280.58
280.58
279.22
279.22
279.22
279.22
270.0
270.0
252.43
254.28
237.66
237.66
234.87
247.12
259.75
270.0
278.47
278.47
278.51
278.51
278.51
278.51
278.51
278.51
278.51
278.51
278.51
278.51
278.51
278.51
278.51
278.51
278.51
278.51
278.51
278.51
278.51
278.51
278.51
278.51
278.8
278.8
278.8
278.8
278.8
278.8
278.8
278.8
278.8
180.0
180.0
270.0
270.0
180.0
270.0
270.0
270.0
270.0
270.0
0.0
0.0
0.0
90.0
90.0
90.0
8.73
8.73
8.73
8.73
8.73
8.73
8.73
8.73
8.73
8.73
8.73
8.73
8.73
270.0
270.0
270.0
270.0
0.0
0.0
0.0
0.0
90.0
0.0
90.0
90.0
90.0
180.0
90.0
90.0
141.7
180.0
98.68
98.68
98.68
98.68
98.68
98.68
98.68
98.68
98.68
98.68
98.68
98.68
98.68
98.68
98.68
98.68
98.68
98.68
98.68
98.68
98.68
98.68
98.68
98.68
