98.51
98.51
98.51
98.51
98.51
98.51
98.51
98.51
98.51
98.51
98.51
98.51
98.51
98.51
98.51
98.51
98.51
98.51
98.51
98.51
98.51
98.51
98.47
98.47
90.0
79.75
67.12
54.87
54.87
57.66
74.28
72.43
90.0
90.0
99.22
99.22
99.22
99.22
99.22
100.58
100.58
100.58
100.58
100.58
100.58
100.58
107.57
115.75
115.75
115.75
107.57
105.72
104.21
104.21
97.59
97.59
97.51
97.51
97.51
97.51
97.51
7.71
7.71
7.71
7.71
7.71
7.71
7.71
7.71
7.71
97.92
97.92
97.92
97.92
97.92
97.92
97.92
97.92
97.92
97.92
97.92
97.92
97.92
97.92
97.92
101.92
101.92
187.58
187.58
187.58
187.58
187.58
187.58
187.58
187.58
187.58
187.58
187.58
187.58
187.58
187.58
187.58
187.58
187.58
187.58
187.58
98.99
98.99
98.99
98.99
98.99
98.99
98.99
98.99
98.99
98.99
98.99
98.99
98.99
98.99
98.99
98.99
98.99
98.99
98.99
98.99
98.99
98.99
98.99
98.99
98.99
98.99
98.99
98.99
98.99
98.99
98.99
98.99
98.99
98.99
98.99
98.99
98.99
98.99
98.99
98.99
98.99
98.99
98.99
98.99
98.99
98.99
98.99
98.99
98.99
98.99
98.99
98.99
98.99
98.99
98.99
98.99
98.99
98.99
98.99
98.99
98.99
98.99
98.99
98.99
98.99
98.99
98.99
98.99
98.99
98.99
98.99
98.99
98.99
98.99
98.99
98.99
98.99
98.99
98.99
98.99
98.99
98.99
98.99
98.99
98.99
98.99
98.99
98.99
98.99
98.99
98.99
98.99
98.99
98.99
98.99
98.99
98.99
98.99
98.99
98.99
98.99
98.99
98.99
98.99
98.99
98.99
98.99
98.99
98.99
98.99
98.99
98.99
98.99
98.99
98.99
98.99
98.99
98.99
98.99
98.99
98.99
98.99
98.99
98.99
98.99
98.99
98.99
98.99
98.99
98.99
98.99
98.99
98.99
98.99
98.99
98.99
98.99
98.99
98.99
98.99
98.99
98.99
98.99
98.99
98.99
98.99
98.99
98.99
98.99
98.99
98.99
98.99
98.99
98.99
98.99
98.99
98.99
98.99
98.99
98.99
98.99
98.99
98.99
98.99
98.99
98.99
98.99
98.99
98.99
98.99
98.99
98.99
98.99
98.99
98.99
98.99
98.99
98.99
98.99
98.99
98.99
98.99
98.99
98.99
98.99
98.99
98.99
98.99
98.99
98.99
98.99
98.99
98.99
98.99
98.99
98.99
98.99
98.99
98.99
98.99
98.99
98.99
98.99
98.99
98.99
98.99
98.99
98.99
98.99
98.99
98.99
98.99
98.99
98.99
98.99
98.99
98.99
98.99
98.99
98.99
98.99
98.99
98.99
98.99
98.99
98.99
98.99
98.99
98.99
