-37.8404916667
-37.8405033333
-37.8405266667
-37.8405266667
-37.8405383333
-37.8405383333
-37.8405616667
-37.8405733333
-37.840585
-37.8405966667
-37.8406083333
-37.8406216667
-37.8406333333
-37.8406333333
-37.840645
-37.8406566667
-37.8406683333
-37.8406683333
-37.84068
-37.8407033333
-37.840715
-37.840715
-37.8407316667
-37.84074
-37.84074
-37.84073
-37.84071
-37.8406633333
-37.8406633333
-37.84062
-37.8406
-37.84058
-37.84058
-37.84058
-37.84058
-37.840605
-37.840605
-37.8406183333
-37.84063
-37.8406433333
-37.8406583333
-37.8406733333
-37.8406883333
-37.8406883333
-37.8406883333
-37.8407166667
-37.84074
-37.8407733333
-37.8407733333
-37.8407733333
-37.84084
-37.84086
-37.8408783333
-37.8408783333
-37.84089
-37.8409
-37.8409
-37.84092
-37.84093
-37.8409416667
-37.84095
-37.8409
-37.8409
-37.84085
-37.8408
-37.84075
-37.8407016667
-37.8407016667
-37.8406516667
-37.8406516667
-37.8406066667
-37.8406133333
-37.84062
-37.84062
-37.840635
-37.840635
-37.8406483333
-37.8406566667
-37.8406633333
-37.84067
-37.84067
-37.8406783333
-37.840685
-37.8406916667
-37.8406916667
-37.84071
-37.84072
-37.84072
-37.84072
-37.84083
-37.84083
-37.8409416667
-37.8409983333
-37.8410533333
-37.84111
-37.841165
-37.841165
-37.84122
-37.8412766667
-37.8412766667
-37.8413316667
-37.8414433333
-37.8414433333
-37.841555
-37.841555
-37.84161
-37.84161
-37.8416283333
-37.8416366667
-37.8416466667
-37.8416566667
-37.841665
-37.841675
-37.841675
-37.841675
-37.8416933333
-37.8417033333
-37.8417116667
-37.8417116667
-37.8417216667
-37.84174
-37.84174
-37.84174
-37.84174
-37.84174
-37.84174
-37.84174
-37.84174
-37.84174
-37.84174
-37.84174
-37.84174
-37.84174
-37.84174
-37.84174
-37.84174
-37.84174
-37.84174
-37.84174
-37.84174
-37.84174
-37.84174
-37.84174
-37.84174
-37.84174
-37.84174
-37.84174
-37.84174
-37.84174
-37.84174
-37.84174
-37.84174
-37.84174
-37.84174
-37.84174
-37.84174
-37.84174
-37.84174
-37.84174
-37.84174
-37.84174
-37.84174
-37.84174
-37.84174
-37.84174
-37.84174
-37.84174
-37.84174
-37.84174
-37.84174
-37.84174
-37.84174
-37.84174
-37.84174
-37.84174
-37.84174
-37.84174
-37.84174
-37.84174
-37.84174
-37.84174
-37.84174
-37.84174
-37.84174
-37.84174
-37.84174
-37.84174
-37.84174
-37.84174
-37.84174
-37.84174
-37.84174
-37.84174
-37.84174
-37.84174
-37.84174
-37.84174
-37.84174
-37.84174
-37.84174
-37.84174
-37.84174
-37.84174
-37.84174
-37.84174
-37.84174
-37.84174
-37.84174
-37.84174
-37.84174
-37.84174
-37.84174
-37.84174
-37.84174
-37.84174
-37.84174
-37.84174
-37.84174
-37.84174
-37.84174
-37.84174
-37.84174
-37.84174
-37.84174
-37.84174
-37.84174
-37.84174
-37.84174
-37.84174
-37.84174
-37.84174
-37.84174
-37.84174
-37.84174
-37.84174
-37.84174
-37.84174
-37.84174
-37.84174
-37.84174
-37.84174
-37.84174
-37.84174
-37.84174
-37.84174
-37.84174
-37.84174
-37.84174
-37.84174
-37.84174
-37.84174
-37.84174
-37.84174
-37.84174
-37.84174
-37.84174
-37.84174
-37.84174
-37.84174
-37.84174
-37.84174
-37.84174
-37.84174
-37.84174
-37.84174
-37.84174
-37.84174
-37.84174
-37.84174
-37.84174
-37.84174
-37.84174
-37.84174
-37.84174
-37.84174
-37.84174
-37.84174
-37.84174
-37.84174
-37.84174
-37.84174
-37.84174
-37.84174
-37.84174
-37.84174
-37.84174
-37.84174
-37.84174
-37.84174
-37.84174
-37.84174
-37.84174
-37.84174
-37.84174
-37.84174
-37.84174
-37.84174
-37.84174
-37.84174
-37.84174
-37.84174
-37.84174
-37.84174
-37.84174
-37.84174
-37.84174
-37.84174
-37.84174
-37.84174
-37.84174
-37.84174
-37.84174
-37.84174
-37.84174
-37.84174
-37.84174
-37.84174
-37.84174
-37.84174
-37.84174
-37.84174
-37.84174
-37.84174
-37.84174
-37.84174
-37.84174
-37.84174
-37.84174
-37.84174
-37.84174
-37.84174
-37.84174
-37.84174
-37.84174
-37.84174
