-37.83935
-37.8394283333
-37.8395083333
-37.8395083333
-37.8396083333
-37.8396083333
-37.8397683333
-37.8397683333
-37.8398483333
-37.8399283333
-37.8400083333
-37.8400883333
-37.8401683333
-37.8401683333
-37.8403283333
-37.8403283333
-37.8404866667
-37.8404866667
-37.8405666667
-37.8406783333
-37.8407583333
-37.8407583333
-37.8408383333
-37.8409183333
-37.8409383333
-37.8409266667
-37.8409266667
-37.8409266667
-37.840905
-37.840905
-37.8408883333
-37.84088
-37.84086
-37.84084
-37.84082
-37.84082
-37.840745
-37.84072
-37.84072
-37.84072
-37.8406883333
-37.8406716667
-37.8406566667
-37.84064
-37.84063
-37.84063
-37.840615
-37.8406016667
-37.8405883333
-37.84058
-37.84058
-37.84058
-37.8406
-37.84062
-37.8406583333
-37.8406583333
-37.8407083333
-37.84073
-37.84074
-37.84074
-37.8407266667
-37.84072
-37.8407066667
-37.8406933333
-37.8406816667
-37.8406683333
-37.8406683333
-37.8406566667
-37.8406433333
-37.84063
-37.8406183333
-37.840605
-37.8405933333
-37.8405933333
-37.8405666667
-37.8405666667
-37.840555
-37.8405416667
-37.8405416667
-37.8405166667
-37.8405166667
-37.8404916667
-37.84048
-37.84048
-37.84048
-37.8404533333
-37.84044
-37.84044
-37.8404133333
-37.8404133333
-37.8404
-37.8404
-37.840375
-37.84038
-37.84039
-37.8404
-37.84041
-37.84042
-37.84042
-37.84041
-37.84041
-37.8404
-37.84039
-37.84037
-37.84035
-37.84034
-37.84033
-37.84032
-37.84032
-37.84026
-37.84026
-37.8401433333
-37.840085
-37.840085
-37.8400266667
-37.8400266667
-37.83991
-37.8398516667
-37.8397933333
-37.839735
-37.8396766667
-37.8396183333
-37.8396
-37.8396
-37.83959
-37.83959
-37.83957
-37.83956
-37.83954
-37.83953
-37.83951
-37.8395
-37.8395
-37.8395
-37.8395
-37.83951
-37.83951
-37.83952
-37.83954
-37.83956
-37.8395683333
-37.8395783333
-37.8395783333
-37.8395883333
-37.8395983333
-37.8396083333
-37.8396166667
-37.8396266667
-37.8396366667
-37.8396466667
-37.8396466667
-37.8396466667
-37.839665
-37.839675
-37.839685
-37.839695
-37.839705
-37.839715
-37.839715
-37.8397233333
-37.8397333333
-37.8397433333
-37.8397533333
-37.8397633333
