145.16562
145.165606667
145.165593333
145.165593333
145.165575
145.165575
145.165548333
145.165548333
145.165535
145.165521667
145.165508333
145.165495
145.165481667
145.165481667
145.165455
145.165455
145.165428333
145.165428333
145.165415
145.165395
145.165381667
145.165381667
145.165368333
145.165355
145.165241667
145.165135
145.165135
145.165135
145.16492
145.16492
145.164761667
145.16468
145.16458
145.16449
145.16441
145.16441
145.164213333
145.16412
145.16412
145.16412
145.163906667
145.1638
145.163693333
145.163586667
145.16351
145.16351
145.163401667
145.163295
145.163188333
145.16312
145.163048333
145.16297
145.16289
145.1628
145.16272
145.16272
145.16263
145.16257
145.1625
145.16242
145.162311667
145.16225
145.162141667
145.162035
145.161928333
145.16182
145.16182
145.161713333
145.161606667
145.1615
145.161391667
145.161285
145.161178333
145.161178333
145.160963333
145.160963333
145.160856667
145.16075
145.16075
145.160535
145.160535
145.160321667
145.16022
145.16022
145.16022
145.160005
145.159898333
145.159898333
145.159683333
145.159683333
145.159576667
145.159576667
145.159363333
145.15932
145.15931
145.1593
145.15928
145.15927
145.15925
145.15924
145.15922
145.15921
145.159198333
145.159198333
145.159198333
145.15921
145.15923
145.15924
145.15926
145.15927
145.15927
145.159293333
145.159305
145.159305
145.159316667
145.159316667
145.159338333
145.15935
145.159361667
145.159373333
145.159383333
145.159395
145.15939
145.15937
145.15936
145.15936
145.15935
145.15934
145.15934
145.15935
145.15937
145.159378333
145.1594
145.1594
145.15943
145.15944
145.15946
145.159468333
145.15948
145.15948
145.15956
145.15964
145.15964
145.15972
145.1598
145.159881667
145.159961667
145.160041667
145.160121667
145.160201667
145.160201667
145.160201667
145.160363333
145.160443333
145.160523333
145.160605
145.160685
145.160765
145.160765
145.160845
145.160925
145.161006667
145.161086667
145.161166667
