145.160318333
145.160418333
145.160618333
145.160618333
145.160718333
145.160718333
145.160918333
145.161018333
145.161118333
145.161218333
145.161318333
145.161418333
145.161518333
145.161518333
145.161616667
145.161716667
145.161816667
145.161816667
145.161916667
145.162116667
145.162216667
145.162216667
145.162348333
145.16242
145.1625
145.16257
145.16263
145.162711667
145.162711667
145.1628
145.16289
145.16297
145.163048333
145.16312
145.16312
145.163318333
145.163318333
145.163418333
145.16351
145.163608333
145.163708333
145.163806667
145.163906667
145.163906667
145.163906667
145.164105
145.1642
145.16429
145.16429
145.16429
145.16449
145.16458
145.164676667
145.164676667
145.16478
145.16487
145.16487
145.16507
145.16517
145.16527
145.16535
145.165358333
145.165358333
145.165366667
145.165375
145.165383333
145.165391667
145.165391667
145.1654
145.1654
145.165473333
145.165538333
145.165603333
145.165603333
145.165733333
145.165733333
145.165863333
145.165928333
145.165993333
145.166058333
145.166058333
145.166123333
145.166186667
145.166251667
145.166251667
145.166383333
145.16644
145.16644
145.16644
145.16642
145.16642
145.166401667
145.166391667
145.166383333
145.166373333
145.166363333
145.166363333
145.166355
145.166345
145.166345
145.166336667
145.166316667
145.166316667
145.166298333
145.166298333
145.16629
145.16629
145.166438333
145.166513333
145.166588333
145.166663333
145.166736667
145.166811667
145.166811667
145.166811667
145.166961667
145.167036667
145.167111667
145.167111667
145.167185
145.16733
145.16733
145.16733
145.16733
145.16733
145.16733
145.16733
145.16733
145.16733
145.16733
145.16733
145.16733
145.16733
145.16733
145.16733
145.16733
145.16733
145.16733
145.16733
145.16733
145.16733
145.16733
145.16733
145.16733
145.16733
145.16733
145.16733
145.16733
145.16733
145.16733
145.16733
145.16733
145.16733
145.16733
145.16733
145.16733
145.16733
145.16733
145.16733
145.16733
145.16733
145.16733
145.16733
145.16733
145.16733
145.16733
145.16733
145.16733
145.16733
145.16733
145.16733
145.16733
145.16733
145.16733
145.16733
145.16733
145.16733
145.16733
145.16733
145.16733
145.16733
145.16733
145.16733
145.16733
145.16733
145.16733
145.16733
145.16733
145.16733
145.16733
145.16733
145.16733
145.16733
145.16733
145.16733
145.16733
145.16733
145.16733
145.16733
145.16733
145.16733
145.16733
145.16733
145.16733
145.16733
145.16733
145.16733
145.16733
145.16733
145.16733
145.16733
145.16733
145.16733
145.16733
145.16733
145.16733
145.16733
145.16733
145.16733
145.16733
145.16733
145.16733
145.16733
145.16733
145.16733
145.16733
145.16733
145.16733
145.16733
145.16733
145.16733
145.16733
145.16733
145.16733
145.16733
145.16733
145.16733
145.16733
145.16733
145.16733
145.16733
145.16733
145.16733
145.16733
145.16733
145.16733
145.16733
145.16733
145.16733
145.16733
145.16733
145.16733
145.16733
145.16733
145.16733
145.16733
145.16733
145.16733
145.16733
145.16733
145.16733
145.16733
145.16733
145.16733
145.16733
145.16733
145.16733
145.16733
145.16733
145.16733
145.16733
145.16733
145.16733
145.16733
145.16733
145.16733
145.16733
145.16733
145.16733
145.16733
145.16733
145.16733
145.16733
145.16733
145.16733
145.16733
145.16733
145.16733
145.16733
145.16733
145.16733
145.16733
145.16733
145.16733
145.16733
145.16733
145.16733
145.16733
145.16733
145.16733
145.16733
145.16733
145.16733
145.16733
145.16733
145.16733
145.16733
145.16733
145.16733
145.16733
145.16733
145.16733
145.16733
145.16733
145.16733
145.16733
145.16733
145.16733
145.16733
145.16733
145.16733
145.16733
145.16733
145.16733
145.16733
145.16733
145.16733
145.16733
145.16733
145.16733
145.16733
145.16733
145.16733
145.16733
145.16733
