622.027277239
630.705971383
648.356679326
657.182028957
674.832719545
683.658060502
701.308733737
718.959395403
727.788363817
745.292343931
745.292343931
771.768288194
780.593597166
789.418903249
809.867035951
816.191771283
829.369657466
841.690490569
849.369050499
864.241429062
877.441180647
886.119819394
903.777691932
911.869666529
920.551931152
938.070388793
955.585195046
964.417743095
972.828478783
972.828478783
988.963885461
998.566089138
1015.07600136
1015.3729634
1032.13619804
1040.95780144
1058.60100077
1074.48423261
1074.48423261
1075.73281715
1076.98140615
1077.60933636
1078.23363362
1084.58872239
1090.32314571
1101.79562259
1107.53004253
1113.2644614
1124.73692887
1136.20575878
1141.94380471
