816.418700894
815.294637799
813.052263544
811.931062314
809.688631657
808.567402227
806.324915167
804.082390507
802.776175187
800.530706257
800.530706257
797.166764638
796.045431963
794.924089889
792.181409191
791.380841631
792.750259324
800.393146089
805.354518617
810.087410528
810.347116855
809.222785386
806.609987597
805.474088992
804.16478265
801.179149488
798.378418209
796.887011284
794.462249449
794.462249449
787.194078196
783.867664661
779.936991984
779.757819306
777.867205771
776.930534109
775.057162568
773.149169464
773.149169464
784.274317009
795.399464072
800.777098636
806.339671867
811.459821144
810.832454556
809.392770682
808.765392175
808.138009695
806.698294043
805.443501272
804.631160161
